sjeng_ref4000.wk.txt 62914560 0.100000 0.034621
mcf_ref2000.wk.txt 20971520 1.000000 0.266523
mcf_ref2000.wk.txt 31457280 0.600000 0.578469
mcf_ref2000.wk.txt 41943040 0.300000 0.886760
mcf_ref2000.wk.txt 52428800 0.200000 0.941177
mcf_ref2000.wk.txt 62914560 0.000000 1.000000
mcf_ref2000.wk.txt 73400320 0.000000 1.000000
mcf_ref2000.wk.txt 83886080 0.000000 1.000000
mcf_ref2000.wk.txt 94371840 0.000000 1.000000
mcf_ref2000.wk.txt 104857600 0.000000 1.000000
hmmer_ref3000.wk.txt 20971520 1.000000 0.209545
hmmer_ref3000.wk.txt 31457280 1.000000 0.314404
hmmer_ref3000.wk.txt 41943040 1.000000 0.081923
hmmer_ref3000.wk.txt 52428800 0.700000 0.055773
hmmer_ref3000.wk.txt 62914560 0.500000 0.013888
hmmer_ref3000.wk.txt 73400320 0.400000 0.006825
hmmer_ref3000.wk.txt 83886080 0.300000 0.007600
hmmer_ref3000.wk.txt 94371840 0.200000 0.011101
hmmer_ref3000.wk.txt 104857600 0.100000 0.013120
