10262
11153
11010
10850
11154
10837
10153
10350
10794
13664
13676
10921
10832
10830
9891
10829
10814
10868
10430
10910
10846
13666
11483
11507
11429
11408
11348
11511
11506
10609
3192
11477
11434
11275
11487
11742
11577
11537
11657
11663
11696
11595
11615
11580
11659
11608
11680
11539
13673
3372
11712
11714
11610
11534
11561
11698
11614
11697
11551
11555
11633
11695
11677
11679
11678
11676
11607
11536
11675
11702
11624
11574
11346
11703
4894
10800
10737
5501
13661
4913
5462
4786
5477
5486
5420
10843
5641
10734
5056
10822
10836
10841
10865
10835
10861
10863
5392
11499
11491
11422
11517
13650
11494
11492
11578
11520
11562
11560
6864
11541
11547
11432
11550
11548
11579
11525
11421
11569
11570
11571
11575
11565
11573
11566
13672
11404
13662
11484
11521
11515
11347
11433
10368
10570
10121
9740
10591
6828
5636
10280
5432
9880
10364
5021
9868
5504
9879
9632
10398
10138
9873
5457
10602
9848
5472
10414
10266
10313
10425
4851
9800
9823
9827
10375
9791
9803
6336
9871
9799
10546
4899
10374
9807
9790
9875
9821
10369
10272
9797
10386
5500
10724
3646
3432
9934
13674
4907
9913
13675
9937
11155
11249
11207
11217
11247
11215
3850
3864
11269
11268
11250
6441
10881
11253
13663
11401
11255
11252
11254
11251
6700
9667
9668
9670
9666
9669
5540
5088
9657
4452
4890
5063
5530
11185
4977
11260
10278
11227
10821
4449
5393
4982
10429
11325
11316
11330
11279
11311
11290
11586
11728
11634
11756
11635
11685
11700
11763
11686
11759
11739
11581
11691
10572
4768
3662
10601
10600
5654
4516
9699
10564
4841
9713
4812
5712
5100
5640
9739
5387
9745
9715
9718
4747
9723
9724
9693
5578
9721
4498
4936
5072
9734
9736
5099
5674
4565
9722
5422
9735
11609
4746
9729
9738
4823
4465
9725
4383
9719
10312
4847
9732
9726
4488
9728
5709
5425
4925
9711
11358
11373
11357
3857
5098
9916
9904
9917
9881
10306
9087
9744
9086
9620
9569
10329
9616
10117
9856
10337
10276
10330
5454
10285
9852
10294
10284
10118
9707
9674
9675
9927
4672
9895
9890
5008
11758
11736
11687
11493
11554
11549
5403
9659
7262
5736
4995
4992
4560
9576
9081
9076
4463
5570
4299
5652
5025
5517
8886
4291
13503
13656
4141
13671
13667
13159
12050
9010
9009
3369
12777
4085
11766
11764
9634
13460
4303
4305
5610
4083
3803
3179
4226
3799
4882
4101
5646
4245
3798
4754
4209
5607
3620
7631
11214
10977
7349
10578
4964
5035
5661
5572
5057
4983
4858
11496
11489
11582
11584
11583
7364
9847
9841
9859
9836
5489
9893
5581
9557
9092
5577
4433
4803
7609
9572
9083
5018
7614
10296
11058
11693
11533
11523
11390
9266
9265
9131
5446
4568
10575
10576
9094
13658
4012
4115
4196
9003
13655
13630
5534
8306
5511
9034
4422
11987
11794
11993
3299
3294
3301
11914
3631
12035
3320
11942
3835
8084
3834
3894
4087
12308
12090
11878
11854
11973
12150
11913
12045
12361
4889
11931
12106
12971
12029
12128
12998
7914
4994
13188
12965
12993
13487
13053
4253
4256
13634
4206
8395
6639
4129
3955
4724
3183
4243
4265
4011
5559
4049
4980
4116
13668
13654
8556
3287
6540
9035
4444
3970
5470
12569
4276
11469
11468
11861
12112
12370
12894
4143
12946
13125
3170
9492
7897
4642
4934
3431
7946
13155
13192
13504
12789
13127
13042
13178
13206
13500
13050
13353
13060
13103
13009
13202
13407
3717
3278
12626
3210
3993
13651
6556
5862
6360
4333
4264
5390
4213
9374
3416
3178
4232
4651
5631
4843
4214
12742
3560
3564
7351
12627
12675
4471
8905
9004
8999
4332
4751
3929
3249
4003
6370
6611
5467
4960
5713
6839
5611
4671
3990
3991
9072
4414
8692
4269
3967
3998
3994
8592
8548
8583
8585
8588
8587
8586
4323
6716
4324
4298
4728
8293
8406
13660
5620
7507
3277
3311
4361
4363
4440
7898
4240
4236
5662
7655
3852
4377
4379
4659
6783
8301
3836
8317
8428
4014
8433
8405
8302
9161
8589
8418
8419
8442
8590
8620
8621
8591
8805
3722
4055
4006
4005
4345
3940
3969
8626
8611
8624
8625
8667
8577
3754
8593
8605
8612
8582
8616
4220
3223
3385
8609
7960
3937
4034
4021
4031
9219
8874
8779
8813
8873
9369
4023
4064
8633
8632
8630
8623
8622
8568
8567
8628
3566
3567
3437
3493
3580
3584
3436
3565
3570
9030
3177
3585
3575
3563
3572
8631
8617
8615
13657
13649
8669
8614
8606
3785
3196
3187
3422
3382
3290
3251
3390
3296
3293
4212
3354
3366
3403
3191
4207
3317
3392
3360
3321
3252
3282
3304
3224
3284
3225
3202
3300
3322
3318
3168
3376
3394
8651
8655
8660
8663
8659
4325
8658
8619
8662
3733
3734
3715
3220
3712
4058
8579
3772
3755
8102
3790
4027
8608
8717
4025
8807
8596
3661
3716
8600
3742
3752
4029
8604
3730
7773
8787
8599
8665
3525
3781
8602
8760
4046
3796
4028
3788
7673
8835
8422
8426
8427
8661
8884
4405
8464
8629
4026
4033
4032
4041
4035
4036
8074
8158
8161
8162
8163
4037
3649
4040
8106
8156
8152
8157
8066
3409
7867
7863
7861
7864
3659
6341
3770
3794
3568
3494
3650
7280
7281
7857
7283
7783
7836
7820
7834
7838
7831
7837
7284
7829
7830
7810
7827
7826
7819
7822
7825
7828
7492
7815
7787
3792
7813
3267
3204
3209
3207
3268
3269
7823
7824
7851
7786
7853
7854
7852
7843
7796
7817
7797
7811
7792
7789
7839
7818
6333
7285
7567
7580
7633
7645
7648
4039
7634
6721
6792
6715
6851
6795
6820
6821
6835
6845
7608
6836
5029
3514
3230
6724
6780
6834
6796
6794
6817
6825
4944
4441
4939
6819
6802
6833
6823
6856
6854
6852
4418
6853
6848
6807
6368
6340
6375
6860
6862
4638
6495
6497
6855
6502
5538
6857
4416
6818
5717
4905
6816
6850
4930
6861
6858
6641
4407
5091
7635
7748
12258
7636
6727
3576
7657
4780
7734
4120
7739
6576
5452
6592
7644
7643
7642
7641
7640
3198
4838
9306
7667
6442
12670
13170
4490
4503
4362
5049
7736
7746
7731
7723
7220
8160
7729
7733
7732
7728
12784
4065
7915
4947
7637
7646
7638
7623
7639
7613
7627
7491
7602
7217
7620
7632
7629
7663
7647
8013
7744
7221
7873
8037
6567
8187
5434
4047
4043
8766
8652
8745
8757
4327
8746
8741
8747
8797
8778
8772
8792
8796
8793
8737
4328
8794
8795
8880
8877
8879
8878
8875
4330
8856
4447
4192
4670
5571
4401
4714
5431
5491
4562
4686
4566
4511
4216
5068
4787
12081
12088
4972
4674
5410
4957
5456
4921
4814
5522
4888
8866
6610
5548
6538
4908
5002
4679
4494
4943
4211
5584
4990
4795
4883
5045
6562
5678
5857
3334
3336
4690
8749
8748
7784
8584
8601
8595
8594
8008
8002
8004
8003
4489
3430
3458
3255
3424
3456
3426
3440
3530
3463
3460
3465
3455
3254
3453
3531
3529
3544
3549
3548
3522
3452
3447
8005
3550
8006
8007
3197
6271
6180
4380
6304
8750
8759
3464
3450
3523
3535
3539
3443
3472
3461
3536
3543
8733
8751
8465
6181
6182
8731
8675
8688
8755
8752
8756
4191
4198
4199
4202
4204
5855
4200
4201
4203
8758
6272
6274
6305
6306
8761
9410
8767
8771
8775
8773
8769
8764
8765
8768
8774
8776
3629
3640
3643
3621
3614
3641
3581
3642
3644
3605
8777
8597
8607
8670
8666
8762
8763
4415
6589
7975
7965
7972
7966
7967
7968
7970
7969
7772
7791
7801
7805
7793
7795
7788
7794
3552
3617
3446
3448
3555
3466
9144
7798
3338
7800
7799
7760
7758
7802
7711
7717
7803
3218
7804
6080
7971
7782
4045
4048
4069
8213
4050
4052
4051
4067
4056
8770
8682
8683
7371
4059
4004
4063
8849
8803
8806
8804
8780
6443
6444
6445
6446
6447
4197
5104
7916
8881
8814
8882
8808
8809
8802
8799
8801
8800
8178
13128
8618
8016
8067
8810
8811
8812
8817
8815
8823
9804
11298
10857
11296
11297
4902
3315
4329
8820
3356
3808
3714
8821
8824
7666
8826
8825
8846
8827
8828
8171
8829
8830
8831
8850
8832
8009
8019
8022
8010
8219
8011
8012
8014
3387
3809
3827
3819
3820
3816
7462
7457
7458
3831
8015
8028
8023
8024
8026
8027
8033
8034
8029
8031
8030
12092
12086
8025
8032
7955
7886
7891
7901
7887
7900
7902
7905
7893
6335
7954
8021
8834
8836
8845
8843
8841
8842
8837
4119
4123
7438
7437
8839
8838
8840
8844
8870
8848
8858
8603
6200
6275
8853
8576
8448
8499
8578
8547
8575
8574
9017
8854
8855
9108
8857
8859
8860
8861
8676
8862
8863
8864
8865
8867
8872
8871
3215
3468
4068
4070
4072
4073
4071
8790
8791
8798
8785
9568
8962
8906
8913
8940
8907
8909
8914
6701
8153
8155
8154
8126
7833
7835
7832
7840
3782
3653
3732
3780
3736
6704
8915
8918
8916
8972
8911
8912
8917
13635
13610
3579
4331
6486
6730
8919
8899
9002
8904
8997
8960
8922
8975
8901
8994
8900
6702
8920
9028
13652
4238
3655
9101
8993
9093
13584
12832
4282
4283
5054
12681
7296
7964
9024
7413
13647
13648
9361
8998
8968
8965
8967
8966
8957
8923
6712
7556
9188
13027
3368
13022
4353
4355
5643
8239
4279
4280
6903
7402
12564
4373
4374
12864
4384
4388
8924
8925
8183
8186
8185
8204
8184
4474
6739
8211
8926
6758
8138
8136
8127
8125
8124
8128
8129
8133
8137
8065
8134
8135
8938
9001
8558
8928
9000
6760
8931
8930
8929
8937
6743
8085
8087
8086
7870
7239
6321
5872
7880
7882
7862
7881
7872
7871
7874
7875
3793
7879
7878
7876
7877
8934
8908
8933
8139
8132
8140
8141
8142
8143
8145
8144
8146
8936
6756
8105
8121
8952
8951
8939
8927
8941
8935
12181
9005
8447
6482
8942
6741
8083
8949
8943
8953
6770
6769
8151
8147
8148
8149
8131
8130
8150
6827
6881
8954
3711
8955
8956
6729
8959
8989
8988
8990
8964
8963
8991
8170
8174
8175
8164
7291
8165
7747
8176
8986
4076
3971
7651
7695
7652
4223
12680
7654
7649
7668
7656
7742
7740
7665
7664
7658
7650
4477
7660
7661
7662
7765
7755
7749
7750
7751
7752
7753
7714
7713
7754
7712
7756
7757
7764
7759
7659
7715
7716
7676
7689
7688
7677
7680
7678
7679
7684
7681
7683
7682
7771
7779
7780
7781
7685
7696
7686
7687
7690
7694
7691
7703
7708
7709
7701
7719
7720
7724
7727
7725
7726
7730
7669
3972
7741
7737
7738
4079
4092
4001
4094
4080
4086
7489
8094
13620
13608
8552
8553
11802
4099
4096
4097
4459
13576
13339
13461
13573
13548
13541
13003
13542
13455
12379
8478
13525
13543
13545
13173
13533
13544
13213
13552
9105
13547
13214
13546
13549
13550
13551
13419
6720
3818
4314
4315
4275
4249
4381
13555
6384
13556
6534
13565
13241
4639
9163
6902
6843
11856
9013
7538
12037
12342
12992
6786
13052
13524
13572
13579
13559
13560
13561
13567
13562
13563
13564
13566
13568
8044
4088
4095
4089
4090
8216
4093
4091
11801
11804
11778
9643
8199
8203
9639
9641
9539
8910
8902
11779
9645
9644
9646
11830
11835
11836
11831
11837
4852
11771
11782
11827
11845
11846
11844
9647
8893
9648
9636
11810
11821
11816
11828
11786
11785
11811
11812
11784
11819
11813
11814
11803
11815
11817
11818
11777
11776
11820
11822
11775
11823
11824
11825
11767
11806
11809
11805
11793
11808
11787
11790
11842
11838
11839
11840
11841
11826
7537
8896
8894
8897
8895
8421
11829
11832
8903
11768
11769
11770
11773
11772
11833
11834
11774
11800
7700
8214
11799
8195
8198
8202
8201
8200
4596
3400
7333
9318
13586
5105
8090
7846
4228
9097
13659
9198
9210
9256
9259
9267
9196
9197
9211
9213
9153
9212
9204
9271
6374
9066
9068
9055
9054
9047
9031
9026
9022
8495
8488
8481
8475
8480
8461
8468
8463
8462
8454
8197
8114
8061
8062
8055
8053
8051
8050
8040
8039
7991
7984
7983
7978
7963
7775
7766
7612
7619
7618
7599
7597
7592
7591
7590
7589
7571
7574
7573
6782
6779
6775
6774
6772
6764
6755
6754
6753
6752
6751
6750
6749
6740
6736
6732
6731
6717
6710
6709
6708
6706
6705
6699
6683
6620
6619
6585
6532
6578
5006
4181
4180
4169
4148
4140
4132
4111
4110
4102
3976
3660
3386
3710
3811
3832
3911
3935
3923
3647
3833
3910
3902
3795
3901
3922
3882
3912
3930
3913
3914
3947
3848
3963
3965
3978
4009
4017
4015
4024
4030
4066
5020
6547
13604
13601
13617
13626
13602
13605
13588
13519
13520
13505
13506
13489
13488
13470
13471
13457
13424
13430
13431
13415
13412
13400
13401
13386
13387
13355
13366
13367
13349
13348
13333
13334
13322
13323
13307
13304
13305
13270
13271
13281
13282
13262
13263
13264
13265
13251
13252
13239
13240
13227
13228
13215
13216
13185
13193
13194
13179
13180
13157
13158
13145
13146
13132
13133
13122
13123
13111
13099
13100
13086
13087
13071
13072
13059
13007
13008
13014
12997
12980
12981
12970
7790
12958
12944
12928
12929
12915
12916
12900
12901
12886
12887
12874
12866
12867
12846
12847
12823
12824
12818
12819
12805
12806
12790
12791
12775
12776
12761
12762
12734
12735
12732
12733
12729
12730
12722
12723
12716
12717
12700
12701
12662
12663
12654
12625
12655
12629
12624
12612
12613
12529
12516
12602
12603
12585
12586
12573
12572
12559
12560
12546
12547
12534
12515
12391
12392
12483
12484
12413
12414
12458
12459
12443
12444
12425
12426
12407
12408
12356
12386
12387
12376
12352
12325
12326
12324
12310
12311
12295
12296
12282
12283
12269
12270
12266
12267
12252
12253
12236
12237
12216
12217
12215
12203
12204
12186
12187
12166
12157
12161
12162
12151
12152
12127
12130
12131
12113
12115
12116
12047
12048
12078
12066
12067
12049
12041
12023
12024
12010
12008
12009
11996
11990
11991
11943
11957
11958
11930
11938
11939
11925
11923
11924
11912
11887
11888
11881
11883
11884
11858
11711
11707
11708
11265
10860
9610
9571
9552
9502
9596
9584
9609
9613
9615
6621
6582
6577
6572
6566
6561
6555
6545
6550
6539
7558
7505
7232
7566
7419
7501
7535
7559
7557
7546
7483
7560
7885
5875
5876
5877
5878
5879
5880
5881
5882
5883
5884
5885
5886
5887
5888
5889
5890
5891
5892
5893
5894
5895
5896
5897
5898
5899
5900
5901
5902
5903
5904
5905
5906
5907
5811
5812
5813
5814
5815
5816
5817
5818
5819
5820
5821
5822
5823
5824
5825
5826
9308
9322
9104
9102
9605
9327
9326
9332
9333
8379
9349
9362
9301
9307
9324
9385
9378
9368
9364
9382
7289
9351
9358
9355
9381
9366
9359
9380
9328
9336
9335
9121
9109
9112
9113
9126
9123
9124
9125
9128
9127
9120
9119
9586
9129
9130
9135
9321
9337
9103
9367
9302
9330
9323
9331
9334
9325
9111
9114
9115
9116
9117
9110
9122
9329
9147
9179
9172
9138
9137
9148
9166
9146
9100
4593
4594
4595
4586
4587
4588
4582
4583
4523
4524
4525
4526
4527
4519
4520
4521
4517
4518
9118
9405
9444
9443
9441
9425
4176
4154
4156
4157
3871
3872
3878
3879
3866
3860
3861
3471
3469
3389
3735
3707
3779
3761
3762
3745
3746
3700
3726
3727
3708
3694
3688
3684
3666
3667
3591
3598
3599
3582
3551
3537
3509
3510
3506
3498
3499
3478
3481
3482
3470
3441
3383
3374
3307
3247
10206
3205
13598
13600
13582
13522
13523
13511
13494
13464
13418
13404
13372
13346
13321
13300
13287
13289
13279
13280
13274
13258
13229
13212
13197
13201
13171
13160
13163
13164
13168
13148
13149
13151
13152
13136
13137
13141
13144
13124
13129
13130
13114
13116
13118
13119
13121
13106
13108
13109
13110
13088
13089
13091
13095
13097
13098
13083
13085
13073
13078
13080
13081
13082
13062
13063
13066
13067
13068
13069
13070
13001
13045
13030
13037
13005
13004
13020
13177
13167
13035
13043
13041
13040
13016
12979
12744
12878
12962
12964
12966
12967
12968
12743
12879
12949
12950
12954
12955
12956
12930
12933
12907
12943
12918
12919
12922
12926
12927
12905
12908
12909
12910
12911
12913
12914
12889
12890
12891
12875
12877
12831
12881
12882
12884
12367
11982
12885
12835
12834
12764
12833
12840
12870
12871
12872
12822
12862
12843
12844
12839
12845
12827
12829
12830
12836
12838
12841
12820
12821
12782
12786
12771
12825
12826
12807
12809
12810
12812
12813
12815
12796
12816
12817
12795
12787
12797
12799
12800
12802
12804
12778
12779
12785
12783
12788
12520
12763
12765
12767
12770
12772
12774
12751
12752
12753
12755
12756
12759
12622
12497
12561
12739
12740
12741
12664
12623
12748
12749
12750
12731
12705
12672
12659
12643
12642
12704
12665
12725
12726
12727
12718
12678
12719
12721
12677
12674
12709
12694
12712
12715
12685
12689
12695
12696
12698
12699
12656
12658
12657
12644
12628
12661
12683
12684
12649
12648
12646
12653
12636
12637
12640
12641
12580
12570
12588
12587
12630
12631
12632
12633
12638
12639
12542
12614
12618
12619
12620
12621
12577
12592
12539
12548
12544
12543
12590
12591
12596
12575
12578
12579
12540
12566
12551
12552
12553
12554
12555
12556
12558
12541
12538
12501
12535
12536
12537
12504
12517
12524
12525
12526
12527
12493
12492
12496
12503
12508
12511
12512
12513
12485
12473
12487
12488
12489
12490
12491
12393
12495
12474
12475
12476
12477
12478
12480
12481
12482
12462
12463
12465
12467
12470
12472
12395
12446
12447
12450
12453
12456
12428
12429
12431
12402
12434
12437
12440
12442
12411
12412
12423
12366
12388
12399
12398
12403
12381
12384
12385
12365
12369
12337
12309
12294
12281
12273
12276
12210
12188
12198
12184
12132
12133
12137
12142
12124
12114
12074
12100
12053
12054
12094
12095
12087
12091
12089
12082
12083
12085
12075
12069
12071
12077
12055
12060
12063
12065
12044
11892
12046
12036
12022
12001
11986
11927
11916
11921
11908
11893
11898
11865
11882
11864
11866
11867
11869
11850
11682
11621
11619
11618
11616
11532
11617
11340
10856
10847
10845
10803
9809
9700
8045
7982
6722
6723
7945
7924
7929
7188
7190
7193
7194
7195
7197
7199
7200
7202
7204
7205
7206
7207
7208
7210
7211
7212
7213
7164
7214
7022
7231
7242
7241
7243
7244
7246
6863
7258
7249
7248
7250
7435
7315
7251
7252
7253
7254
7256
7257
7259
7265
7267
7268
7269
7270
7271
7274
7276
7286
7287
7290
7293
7297
7299
7302
7305
7307
7310
7312
7313
7318
7317
7480
7358
7348
7320
7322
7323
7325
7327
7331
7332
7316
7335
7339
7340
7341
7342
7343
7345
7347
7350
7352
7354
7355
3227
3229
7370
7393
7378
7379
7381
7385
7389
7391
7395
7396
7398
7397
7401
7421
7263
7420
7422
7406
7407
7408
7360
7409
7404
7412
7247
7415
7414
7416
7417
7418
7423
7282
7410
7426
7431
7432
7428
7359
7434
7481
7433
7455
7463
7464
7500
7440
7441
7442
7453
7461
7466
7467
7476
7475
7479
7459
7484
7485
7488
7490
7494
7499
7502
7506
7503
7508
7511
7517
7522
7536
7541
7544
7545
7548
7550
7551
7552
7553
7554
7565
7569
7570
7579
7581
7588
7585
7745
7776
7809
7812
7821
7848
7847
7859
7860
7883
7888
7896
7903
7894
7895
7906
7907
7908
7909
7910
7911
7912
7913
9162
9525
9285
9542
8241
8549
9286
9311
9174
9140
9580
9419
8530
9141
8280
8247
8513
9142
9510
9139
8522
8542
8544
9159
9426
9191
9420
9309
8517
9477
9158
8538
9432
9561
9298
9453
9245
8514
9454
9234
9312
6504
6507
6509
6511
6516
5866
6518
6320
6519
6520
6521
6525
6548
6565
6607
6737
6761
6763
6785
6797
6799
6798
6800
6803
6804
6805
3219
6808
6811
6812
6822
6830
6916
6849
6859
6867
6868
6847
6871
6873
6880
6874
6875
6877
6878
6869
6870
6885
6865
6866
6888
6889
6893
6908
6899
6904
6905
6906
6907
6912
6918
6919
6925
6920
6933
6943
6952
6953
6960
6968
6975
6982
6988
6989
7000
7006
7014
7023
7032
7038
7045
7055
7066
7076
7086
7095
7103
7110
7111
7117
7125
7132
7139
7146
7156
7174
7181
8528
6788
8534
9347
9157
9151
9472
9504
8695
9458
8504
9529
9270
9475
8282
9220
9177
9479
8508
9291
8500
9208
9429
9497
9485
9352
8505
9339
9505
9171
9501
8304
9422
9218
9264
9305
9154
9292
9184
9537
9375
9416
9288
9290
6332
8537
9470
8533
8503
9490
9169
9170
8520
9363
9263
9511
9512
9258
9345
9223
8449
9317
9315
9406
9276
8240
9582
8970
9143
8502
8540
8283
8104
9155
9282
9354
9320
9300
9029
8526
9284
9460
9316
9404
8469
9280
8501
9303
9373
9427
9216
9205
9268
9473
9168
9400
8221
9149
9484
9176
6894
7611
9257
9202
9418
9587
9494
8238
9283
8543
8719
9319
9190
9446
9343
9344
9242
9164
8974
9096
9579
9273
9398
9392
8521
9544
8532
9466
9409
9293
9435
9278
9467
9222
9277
9296
8507
9106
9260
9237
9523
9342
9478
9338
8075
9384
9407
9513
9401
8253
9527
9499
9239
9395
9411
9178
8784
9313
9483
9402
9413
9235
8536
9214
8531
9156
9304
9424
9468
9356
9370
8788
9554
9560
9514
9495
9365
9287
8515
9415
9221
8527
9548
9175
8101
9449
8092
8518
9439
9279
8744
9053
9463
9573
8231
9559
8876
9386
9180
8671
9489
9451
9452
9167
9340
9403
9551
9417
9530
9456
9269
8995
9393
8529
9272
8117
8635
8638
9200
9547
8269
9507
9295
8323
9281
9160
9442
9471
9546
8976
8525
9574
9464
9414
9241
9136
9604
9491
9243
9493
8738
9228
9581
9536
8236
9262
9049
8541
8506
9372
8971
5868
5870
5869
4791
6378
6377
5046
5383
5871
5867
5042
6345
6331
6318
6349
9341
8307
5039
4892
6334
5109
4893
6327
5527
6326
6573
4969
4195
4177
4182
4166
4167
4117
3931
3932
3934
3928
3841
3921
3915
3916
3920
3926
3927
3895
3896
3897
3898
3881
3805
3807
3823
3824
3825
3826
3828
3829
3830
3840
3844
3845
3846
3847
3783
3786
3787
3789
3763
3764
3765
3767
3768
3769
3776
3777
3778
3749
3751
3747
3753
3759
3739
3740
3729
3731
3658
3709
3705
3706
3697
3698
3699
3701
3702
3703
3704
3692
3677
3678
3690
3693
3695
3696
3691
3668
3669
3670
3671
3673
3679
3651
3654
3624
3625
3615
3573
3604
3610
3611
3574
3587
3589
3590
3314
3577
3578
3553
3554
3556
3557
3559
3538
3540
3541
3542
3545
3546
3547
3520
3521
3517
3518
3496
3497
3473
3457
3445
3449
3451
3454
3435
3399
3401
3402
3410
3411
3414
3419
3395
3398
3377
3378
3295
3333
3351
3353
3358
3337
3343
3345
3346
3347
3363
3324
3313
3309
3305
3270
3271
3272
3263
3265
3253
3258
3260
3261
3212
3231
3232
3241
3242
3211
6551
